	Adullam	Aijalon	Anathoth	Ar	Arad	Arimathea	Ashdod	Ashkelon	Ashtaroth	Athens	Azekah	Beeroth	Beersheba	Bethsaida	Beth-shean	Bezer	Caesarea	Capernaum	Chephirah	Corinth	Cyrene	Damascus	Dor	Edrei	Eglon	Ephesus	Ezion-geber	Gath	Gaza	Gezer	Gibbethon	Gibeon	Haran	Hazar-shual	Hebron	Heshbon	Horonaim	Ibleam	Iconium	Jabesh-Gilead	Jattir	Jebus	Joppa	Kedemoth	Keilah	Kir	Lachish	Laish	Laodicea	Lystra	Makkedah	Mareshah	Medeba	Megiddo	Memphis	Mephaath	Moladah	Nazareth	Nineveh	On	Philippi	Rabbah	Rome	Shechem	Shiloh	Sidon	Taanach	Tarsus	Tekoa	Thessalonica	Thyatira	Troas	Tyre	Ur	Zoan
Adullam	8	1	3	0	1	0	2	0	1	0	3	2	3	0	0	0	0	0	0	0	0	0	1	1	2	0	0	2	1	1	0	0	0	2	6	2	0	0	0	0	1	2	0	0	1	0	5	0	0	0	2	3	0	1	0	0	2	0	0	0	0	1	0	0	0	0	1	0	3	0	0	0	0	0	0
Aijalon	1	9	2	0	1	0	0	1	1	0	1	0	1	0	1	2	0	0	0	0	0	2	1	1	0	0	0	2	1	3	2	3	0	1	7	2	0	1	0	0	2	0	1	2	0	0	1	0	0	0	0	1	0	1	0	2	1	0	0	0	0	0	0	2	3	1	2	0	1	0	0	0	1	0	0
Anathoth	3	2	22	0	0	0	0	0	1	0	1	4	2	0	0	2	0	0	2	0	0	1	0	0	0	0	0	3	0	2	1	4	0	1	9	2	0	0	0	0	2	2	0	2	0	0	1	0	0	0	0	0	0	0	0	2	1	0	0	0	0	0	0	2	2	0	1	0	2	0	0	0	0	0	0
Ar	0	0	0	10	2	0	0	0	0	0	0	0	0	0	0	0	0	0	0	0	0	0	0	2	0	0	3	0	3	0	0	0	0	0	0	22	1	0	0	0	0	0	0	3	0	1	0	0	0	0	0	0	3	0	0	0	0	0	0	0	0	0	0	0	0	0	0	0	0	0	0	0	0	0	0
Arad	1	1	0	2	4	0	0	1	1	0	0	0	0	0	1	0	0	0	0	0	0	0	2	2	1	0	2	0	1	2	0	0	0	0	3	8	0	1	0	0	0	0	0	0	0	0	1	0	0	0	1	0	1	2	0	0	0	0	0	0	0	0	0	0	0	1	2	0	0	0	0	0	0	0	0
Arimathea	0	0	0	0	0	4	0	0	0	0	0	0	0	0	0	0	0	0	0	0	3	0	0	0	0	0	0	0	0	0	0	0	0	0	0	0	0	0	0	0	0	0	0	0	0	0	0	0	0	0	0	0	0	0	0	0	0	1	0	0	0	0	0	0	0	0	0	0	0	0	0	0	0	0	0
Ashdod	2	0	0	0	0	0	30	5	2	0	2	0	2	0	0	0	0	0	0	0	0	3	0	2	2	0	0	9	9	0	0	1	0	2	5	5	0	0	0	0	2	0	0	1	2	1	2	0	0	0	2	2	2	0	0	1	2	0	0	0	0	4	0	0	0	2	0	0	1	0	0	0	5	0	0
Ashkelon	0	1	0	0	1	0	5	14	2	0	0	0	0	0	1	0	0	0	0	0	0	3	1	2	0	0	0	3	13	1	0	0	0	0	2	5	0	1	0	0	0	0	0	1	0	1	0	0	0	0	0	0	2	1	0	1	0	0	2	0	0	2	0	0	0	5	1	0	1	0	0	0	7	0	0
Ashtaroth	1	1	1	0	1	0	2	2	7	0	0	1	0	0	0	1	0	0	1	0	0	0	1	6	1	0	0	2	2	2	0	3	0	0	3	15	0	0	0	0	1	0	0	3	0	0	1	0	0	0	1	0	4	1	0	3	0	0	0	0	0	2	0	1	0	0	1	0	0	0	0	0	0	0	0
Athens	0	0	0	0	0	0	0	0	0	8	0	0	0	0	0	0	1	0	0	1	0	0	0	0	0	3	0	0	0	0	0	0	0	0	0	0	0	0	0	0	0	0	0	0	0	0	0	0	0	0	0	0	0	0	0	0	0	0	0	0	0	0	1	0	0	0	0	0	0	9	0	0	0	0	0
Azekah	3	1	1	0	0	0	2	0	0	0	8	0	3	0	0	0	0	0	0	0	0	0	0	0	13	0	0	4	3	2	0	16	0	2	13	0	0	0	0	0	1	0	0	0	1	0	20	0	0	0	13	2	0	0	0	0	2	0	0	0	0	1	0	0	0	0	0	0	1	0	0	0	0	0	0
Beeroth	2	0	4	0	0	0	0	0	1	0	0	7	0	0	0	0	0	0	4	0	0	0	0	0	0	0	0	0	0	0	0	4	0	0	5	1	0	0	0	0	0	3	0	0	0	0	0	0	0	0	0	0	0	0	0	0	0	0	0	0	0	0	0	0	4	0	0	0	2	0	0	0	0	0	0
Beersheba	3	1	2	0	0	0	2	0	0	0	3	0	44	0	1	0	0	0	0	0	0	3	0	1	1	0	0	1	2	0	1	2	1	5	9	0	0	0	0	0	1	0	1	0	1	0	3	0	0	0	1	1	0	3	0	0	5	0	0	2	0	2	0	0	2	3	1	0	0	0	0	0	4	0	0
Bethsaida	0	0	0	0	0	0	0	0	0	0	0	0	0	7	0	0	0	2	0	0	0	0	0	0	0	0	0	0	0	0	0	0	0	0	0	0	0	0	0	0	0	0	0	0	0	0	0	0	0	0	0	0	0	0	0	0	0	2	0	0	0	0	0	0	0	4	0	0	0	0	0	0	4	0	0
Beth-shean	0	1	0	0	1	0	0	1	0	0	0	0	1	0	6	0	0	0	0	0	0	0	4	0	0	0	0	1	2	2	0	0	0	0	2	0	0	3	0	0	0	0	0	0	0	0	0	0	0	0	0	0	0	5	0	0	0	0	0	0	0	0	0	3	0	1	5	0	0	0	0	0	0	0	0
Bezer	0	2	2	0	0	0	0	0	1	0	0	0	0	0	0	4	0	0	0	0	0	0	0	0	0	0	0	0	0	2	1	2	0	0	5	3	0	0	0	0	2	0	0	2	0	0	0	0	0	0	0	0	0	0	0	2	0	0	0	0	0	0	0	3	1	0	1	0	0	0	0	0	0	0	0
Caesarea	0	0	0	0	0	0	0	0	0	1	0	0	0	0	0	0	24	0	0	1	1	7	0	0	0	3	0	0	1	0	0	0	0	0	0	0	0	0	0	0	0	0	14	0	0	0	0	0	0	0	0	0	0	0	0	0	0	2	0	0	0	0	3	0	0	1	0	5	0	0	0	0	5	0	0
Capernaum	0	0	0	0	0	0	0	0	0	0	0	0	0	2	0	0	0	20	0	0	0	0	0	0	0	0	0	0	0	0	0	0	0	0	0	0	0	0	0	0	0	0	0	0	0	0	0	0	0	0	0	0	0	0	0	0	0	7	0	0	0	0	0	0	0	6	0	0	0	0	0	0	4	0	0
Chephirah	0	0	2	0	0	0	0	0	1	0	0	4	0	0	0	0	0	0	4	0	0	0	0	0	0	0	0	0	0	0	0	4	0	0	0	1	0	0	0	0	0	1	0	0	0	0	0	0	0	0	0	0	0	0	0	0	0	0	0	0	0	0	0	0	4	0	0	0	0	0	0	0	0	0	0
Corinth	0	0	0	0	0	0	0	0	0	1	0	0	0	0	0	0	1	0	0	7	0	0	0	0	0	8	0	0	0	0	0	0	0	0	0	0	0	0	0	0	0	0	0	0	0	0	0	0	0	0	0	0	0	0	0	0	0	0	0	0	0	0	2	0	0	0	0	0	0	1	0	1	0	0	0
Cyrene	0	0	0	0	0	3	0	0	0	0	0	0	0	0	0	0	1	0	0	0	6	0	0	0	0	0	0	0	0	0	0	0	0	0	0	0	0	0	1	0	0	0	2	0	0	0	0	0	0	0	0	0	0	0	0	0	0	1	0	0	0	0	1	0	0	0	0	1	0	0	0	0	0	0	0
Damascus	0	2	1	0	0	0	3	3	0	0	0	0	3	0	0	0	7	0	0	0	0	101	0	0	0	0	0	2	5	0	1	0	1	0	0	4	0	0	0	0	0	0	28	0	0	6	1	0	0	0	0	0	0	0	0	0	0	6	0	0	0	8	0	0	0	2	0	18	2	0	0	0	10	1	0
Dor	1	1	0	0	2	0	0	1	1	0	0	0	0	0	4	0	0	0	0	0	0	0	4	1	1	0	0	1	1	3	0	0	0	0	3	2	0	2	0	0	0	0	0	0	0	0	1	0	0	0	1	0	0	4	0	0	0	0	0	0	0	0	0	2	0	1	4	0	0	0	0	0	0	0	0
Edrei	1	1	0	2	2	0	2	2	6	0	0	0	1	0	0	0	0	0	0	0	0	0	1	10	1	0	0	2	2	1	1	0	0	1	1	23	0	0	0	0	0	0	1	2	0	0	1	0	0	0	1	0	5	1	0	2	1	0	0	0	0	4	0	0	1	0	1	0	0	0	0	0	1	0	0
Eglon	2	0	0	0	1	0	2	0	1	0	13	0	1	0	0	0	0	0	0	0	0	0	1	1	23	0	0	0	7	7	0	48	0	1	33	2	0	0	0	0	1	0	0	0	1	0	50	0	0	0	38	1	0	1	0	0	1	0	0	0	0	1	0	0	0	0	1	0	0	0	0	0	0	0	0
Ephesus	0	0	0	0	0	0	0	0	0	3	0	0	0	0	0	0	3	0	0	8	0	0	0	0	0	27	0	0	0	0	0	0	0	0	0	0	0	0	0	0	0	0	0	0	0	0	0	0	1	0	0	0	0	0	0	0	0	0	0	0	2	0	8	0	0	0	0	0	0	1	3	5	0	0	0
Ezion-geber	0	0	0	3	2	0	0	0	0	0	0	0	0	0	0	0	0	0	0	0	0	0	0	0	0	0	8	0	1	3	0	1	0	0	0	3	0	0	0	0	0	0	0	1	0	0	0	0	0	0	0	1	0	1	0	0	0	0	0	0	0	0	0	0	0	0	0	0	1	0	0	0	2	0	0
Gath	2	2	3	0	0	0	9	3	2	0	4	0	1	0	1	0	0	0	0	0	0	2	1	2	0	0	0	47	3	3	0	2	0	0	8	5	0	0	0	2	0	0	0	1	0	0	2	0	0	0	0	2	2	1	0	1	0	0	0	0	0	3	0	1	3	0	1	0	1	0	0	0	0	0	0
Gaza	1	1	0	3	1	0	9	13	2	0	3	0	2	0	2	0	1	0	0	0	0	5	1	2	7	0	1	3	24	2	0	9	0	1	12	8	0	1	0	0	1	0	0	2	1	2	11	0	0	0	7	1	2	2	0	1	1	0	3	0	0	4	0	0	0	6	2	0	2	0	0	0	9	0	0
Gezer	1	3	2	0	2	0	0	1	2	0	2	0	0	0	2	2	0	0	0	0	0	0	3	1	7	0	3	3	2	18	1	14	0	0	16	4	0	1	0	0	2	0	0	2	0	0	9	0	0	0	7	0	0	6	0	2	0	0	0	0	0	1	0	3	1	1	4	0	0	0	0	0	8	0	0
Gibbethon	0	2	1	0	0	0	0	0	0	0	0	0	1	0	0	1	0	0	0	0	0	1	0	1	0	0	0	0	0	1	6	1	0	1	2	1	0	0	0	0	1	0	1	1	0	0	0	0	0	0	0	0	0	0	0	1	1	0	0	0	0	0	0	1	2	0	1	0	0	0	0	0	1	0	0
Gibeon	0	3	4	0	0	0	1	0	3	0	16	4	2	0	0	2	0	0	4	0	0	0	0	0	48	0	1	2	9	14	1	74	0	0	70	4	0	0	0	8	2	1	0	2	2	0	64	0	0	0	48	0	0	1	0	2	0	0	0	0	0	0	0	4	7	0	1	0	0	0	0	0	3	0	0
Haran	0	0	0	0	0	0	0	0	0	0	0	0	1	0	0	0	0	0	0	0	0	1	0	0	0	0	0	0	0	0	0	0	15	0	0	0	0	0	0	0	0	0	0	0	0	0	2	0	0	0	0	0	0	0	0	0	0	0	2	0	0	0	0	4	0	1	0	0	0	0	0	0	4	4	0
Hazar-shual	2	1	1	0	0	0	2	0	0	0	2	0	5	0	0	0	0	0	0	0	0	0	0	1	1	0	0	0	1	0	1	0	0	4	2	0	0	0	0	0	1	0	1	0	1	0	2	0	0	0	1	1	0	0	0	0	4	0	0	0	0	1	0	0	1	0	0	0	0	0	0	0	1	0	0
Hebron	6	7	9	0	3	0	5	2	3	0	13	5	9	0	2	5	0	0	0	0	0	0	3	1	33	0	0	8	12	16	2	70	0	2	116	6	0	2	0	8	7	4	0	4	2	0	44	0	0	0	33	3	0	3	0	4	2	0	0	0	0	2	0	6	3	2	5	0	3	0	0	0	4	0	1
Heshbon	2	2	2	22	8	0	5	5	15	0	0	1	0	0	0	3	0	0	1	0	0	4	2	23	2	0	3	5	8	4	1	4	0	0	6	73	10	0	0	0	2	0	0	10	0	1	2	0	0	0	2	0	17	2	0	10	0	0	0	0	0	9	0	2	1	0	3	0	0	0	0	0	0	1	0
Horonaim	0	0	0	1	0	0	0	0	0	0	0	0	0	0	0	0	0	0	0	0	0	0	0	0	0	0	0	0	0	0	0	0	0	0	0	10	7	0	0	0	0	0	0	0	0	1	0	0	0	0	0	0	1	0	0	3	0	0	0	0	0	0	0	0	0	0	0	0	0	0	0	0	0	0	0
Ibleam	0	1	0	0	1	0	0	1	0	0	0	0	0	0	3	0	0	0	0	0	0	0	2	0	0	0	0	0	1	1	0	0	0	0	2	0	0	4	0	0	0	0	0	0	0	0	0	0	0	0	0	0	0	3	0	0	0	0	0	0	0	0	0	1	0	1	2	0	0	0	0	0	0	0	0
Iconium	0	0	0	0	0	0	0	0	0	0	0	0	0	0	0	0	0	0	0	0	1	0	0	0	0	0	0	0	0	0	0	0	0	0	0	0	0	0	9	0	0	0	0	0	0	0	0	0	0	12	0	0	0	0	0	0	0	0	0	0	1	0	0	0	0	0	0	0	0	0	1	2	0	0	0
Jabesh-Gilead	0	0	0	0	0	0	0	0	0	0	0	0	0	0	0	0	0	0	0	0	0	0	0	0	0	0	0	2	0	0	0	8	0	0	8	0	0	0	0	24	0	0	0	0	0	0	0	0	0	0	0	0	0	0	0	0	0	0	0	0	0	0	0	5	15	0	0	0	0	0	0	0	0	0	0
Jattir	1	2	2	0	0	0	2	0	1	0	1	0	1	0	0	2	0	0	0	0	0	0	0	0	1	0	0	0	1	2	1	2	0	1	7	2	0	0	0	0	4	0	0	2	1	0	1	0	0	0	1	1	0	0	0	2	1	0	0	0	0	1	0	2	1	0	1	0	0	0	0	0	0	0	0
Jebus	2	0	2	0	0	0	0	0	0	0	0	3	0	0	0	0	0	0	1	0	0	0	0	0	0	0	0	0	0	0	0	1	0	0	4	0	0	0	0	0	0	7	0	0	0	0	0	0	0	0	0	0	0	0	0	0	0	0	0	0	0	0	0	0	4	0	0	0	2	0	0	0	0	0	0
Joppa	0	1	0	0	0	0	0	0	0	0	0	0	1	0	0	0	14	0	0	0	2	28	0	1	0	0	0	0	0	0	1	0	0	1	0	0	0	0	0	0	0	0	27	0	0	0	0	0	0	0	0	0	0	0	0	0	1	4	1	0	0	0	0	0	1	0	0	10	0	0	0	0	4	0	0
Kedemoth	0	2	2	3	0	0	1	1	3	0	0	0	0	0	0	2	0	0	0	0	0	0	0	2	0	0	1	1	2	2	1	2	0	0	4	10	0	0	0	0	2	0	0	4	0	0	0	0	0	0	0	0	2	0	0	3	0	0	0	0	0	1	0	2	1	0	1	0	0	0	0	0	0	0	0
Keilah	1	0	0	0	0	0	2	0	0	0	1	0	1	0	0	0	0	0	0	0	0	0	0	0	1	0	0	0	1	0	0	2	0	1	2	0	0	0	0	0	1	0	0	0	82	0	1	0	0	0	1	1	0	0	0	0	1	0	0	0	0	1	0	0	0	0	0	0	0	0	0	0	0	0	0
Kir	0	0	0	1	0	0	1	1	0	0	0	0	0	0	0	0	0	0	0	0	0	6	0	0	0	0	0	0	2	0	0	0	0	0	0	1	1	0	0	0	0	0	0	0	0	5	0	0	0	0	0	0	1	0	0	0	0	0	0	0	0	1	0	0	0	0	0	0	1	0	0	0	2	0	0
Lachish	5	1	1	0	1	0	2	0	1	0	20	0	3	0	0	0	0	0	0	0	0	1	1	1	50	0	0	2	11	9	0	64	2	2	44	2	0	0	0	0	1	0	0	0	1	0	51	0	0	0	50	3	0	1	0	0	2	0	2	0	0	1	0	0	0	0	1	0	1	0	0	0	0	0	0
Laish	0	0	0	0	0	0	0	0	0	0	0	0	0	0	0	0	0	0	0	0	0	0	0	0	0	0	0	0	0	0	0	0	0	0	0	0	0	0	0	0	0	0	0	0	0	0	0	10	0	0	0	0	0	0	0	0	0	0	0	0	0	0	0	0	4	4	0	0	0	0	0	0	0	0	0
Laodicea	0	0	0	0	0	0	0	0	0	0	0	0	0	0	0	0	0	0	0	0	0	0	0	0	0	1	0	0	0	0	0	0	0	0	0	0	0	0	0	0	0	0	0	0	0	0	0	0	9	0	0	0	0	0	0	0	0	0	0	0	0	0	0	0	0	0	0	0	0	0	1	0	0	0	0
Lystra	0	0	0	0	0	0	0	0	0	0	0	0	0	0	0	0	0	0	0	0	0	0	0	0	0	0	0	0	0	0	0	0	0	0	0	0	0	0	12	0	0	0	0	0	0	0	0	0	0	10	0	0	0	0	0	0	0	0	0	0	2	0	0	0	0	0	0	0	0	0	2	4	0	0	0
Makkedah	2	0	0	0	1	0	2	0	1	0	13	0	1	0	0	0	0	0	0	0	0	0	1	1	38	0	0	0	7	7	0	48	0	1	33	2	0	0	0	0	1	0	0	0	1	0	50	0	0	0	23	1	0	1	0	0	1	0	0	0	0	1	0	0	0	0	1	0	0	0	0	0	0	0	0
Mareshah	3	1	0	0	0	0	2	0	0	0	2	0	1	0	0	0	0	0	0	0	0	0	0	0	1	0	1	2	1	0	0	0	0	1	3	0	0	0	0	0	1	0	0	0	1	0	3	0	0	0	1	7	0	0	0	0	1	0	0	0	0	1	0	0	0	0	0	0	2	0	0	0	0	0	0
Medeba	0	0	0	3	1	0	2	2	4	0	0	0	0	0	0	0	0	0	0	0	0	0	0	5	0	0	0	2	2	0	0	0	0	0	0	17	1	0	0	0	0	0	0	2	0	1	0	0	0	0	0	0	6	0	0	2	0	0	0	0	0	2	0	0	0	0	0	0	0	0	0	0	0	0	0
Megiddo	1	1	0	0	2	0	0	1	1	0	0	0	3	0	5	0	0	0	0	0	0	0	4	1	1	0	1	1	2	6	0	1	0	0	3	2	0	3	0	0	0	0	0	0	0	0	1	0	0	0	1	0	0	13	0	0	0	0	0	0	0	0	0	2	0	1	6	0	0	0	0	0	2	0	0
Memphis	0	0	0	0	0	0	0	0	0	0	0	0	0	0	0	0	0	0	0	0	0	0	0	0	0	0	0	0	0	0	0	0	0	0	0	0	0	0	0	0	0	0	0	0	0	0	0	0	0	0	0	0	0	0	10	0	0	0	0	2	0	0	0	0	0	0	0	0	0	0	0	0	0	0	4
Mephaath	0	2	2	0	0	0	1	1	3	0	0	0	0	0	0	2	0	0	0	0	0	0	0	2	0	0	0	1	1	2	1	2	0	0	4	10	3	0	0	0	2	0	0	3	0	0	0	0	0	0	0	0	2	0	0	4	0	0	0	0	0	1	0	2	1	0	1	0	0	0	0	0	0	0	0
Moladah	2	1	1	0	0	0	2	0	0	0	2	0	5	0	0	0	0	0	0	0	0	0	0	1	1	0	0	0	1	0	1	0	0	4	2	0	0	0	0	0	1	0	1	0	1	0	2	0	0	0	1	1	0	0	0	0	4	0	0	0	0	1	0	0	1	0	0	0	0	0	0	0	1	0	0
Nazareth	0	0	0	0	0	1	0	0	0	0	0	0	0	2	0	0	2	7	0	0	1	6	0	0	0	0	0	0	0	0	0	0	0	0	0	0	0	0	0	0	0	0	4	0	0	0	0	0	0	0	0	0	0	0	0	0	0	35	0	0	0	0	1	0	0	2	0	1	0	0	0	0	0	0	0
Nineveh	0	0	0	0	0	0	0	2	0	0	0	0	0	0	0	0	0	0	0	0	0	0	0	0	0	0	0	0	3	0	0	0	2	0	0	0	0	0	0	0	0	0	1	0	0	0	2	0	0	0	0	0	0	0	0	0	0	0	36	0	0	0	0	0	0	2	0	0	0	0	0	0	0	0	0
On	0	0	0	0	0	0	0	0	0	0	0	0	2	0	0	0	0	0	0	0	0	0	0	0	0	0	0	0	0	0	0	0	0	0	0	0	0	0	0	0	0	0	0	0	0	0	0	0	0	0	0	0	0	0	2	0	0	0	0	5	0	0	0	0	0	0	0	0	0	0	0	0	0	0	1
Philippi	0	0	0	0	0	0	0	0	0	0	0	0	0	0	0	0	0	0	0	0	0	0	0	0	0	2	0	0	0	0	0	0	0	0	0	0	0	0	1	0	0	0	0	0	0	0	0	0	0	2	0	0	0	0	0	0	0	0	0	0	4	0	0	0	0	0	0	0	0	0	1	4	0	0	0
Rabbah	1	0	0	0	0	0	4	2	2	0	1	0	2	0	0	0	0	0	0	0	0	8	0	4	1	0	0	3	4	1	0	0	0	1	2	9	0	0	0	0	1	0	0	1	1	1	1	0	0	0	1	1	2	0	0	1	1	0	0	0	0	18	0	0	0	0	0	0	1	0	0	0	2	0	0
Rome	0	0	0	0	0	0	0	0	0	1	0	0	0	0	0	0	3	0	0	2	1	0	0	0	0	8	0	0	0	0	0	0	0	0	0	0	0	0	0	0	0	0	0	0	0	0	0	0	0	0	0	0	0	0	0	0	0	1	0	0	0	0	11	0	0	0	0	0	0	0	0	0	0	0	0
Shechem	0	2	2	0	0	0	0	0	1	0	0	0	0	0	3	3	0	0	0	0	0	0	2	0	0	0	0	1	0	3	1	4	4	0	6	2	0	1	0	5	2	0	0	2	0	0	0	0	0	0	0	0	0	2	0	2	0	0	0	0	0	0	0	184	5	0	3	0	0	0	0	0	0	0	0
Shiloh	0	3	2	0	0	0	0	0	0	0	0	4	2	0	0	1	0	0	4	0	0	0	0	1	0	0	0	3	0	1	2	7	0	1	3	1	0	0	0	15	1	4	1	1	0	0	0	4	0	0	0	0	0	0	0	1	1	0	0	0	0	0	0	5	49	1	1	0	0	0	0	0	1	0	2
Sidon	0	1	0	0	1	0	2	5	0	0	0	0	3	4	1	0	1	6	0	0	0	2	1	0	0	0	0	0	6	1	0	0	1	0	2	0	0	1	0	0	0	0	0	0	0	0	0	4	0	0	0	0	0	1	0	0	0	2	2	0	0	0	0	0	1	37	1	0	0	1	0	0	46	0	0
Taanach	1	2	1	0	2	0	0	1	1	0	0	0	1	0	5	1	0	0	0	0	0	0	4	1	1	0	0	1	2	4	1	1	0	0	5	3	0	2	0	0	1	0	0	1	0	0	1	0	0	0	1	0	0	6	0	1	0	0	0	0	0	0	0	3	1	1	7	0	0	0	0	0	0	0	0
Tarsus	0	0	0	0	0	0	0	0	0	0	0	0	0	0	0	0	5	0	0	0	1	18	0	0	0	0	0	0	0	0	0	0	0	0	0	0	0	0	0	0	0	0	10	0	0	0	0	0	0	0	0	0	0	0	0	0	0	1	0	0	0	0	0	0	0	0	0	6	0	0	0	0	2	0	0
Tekoa	3	1	2	0	0	0	1	1	0	0	1	2	0	0	0	0	0	0	0	0	0	2	0	0	0	0	1	1	2	0	0	0	0	0	3	0	0	0	0	0	0	2	0	0	0	1	1	0	0	0	0	2	0	0	0	0	0	0	0	0	0	1	0	0	0	0	0	0	12	0	0	0	2	0	0
Thessalonica	0	0	0	0	0	0	0	0	0	9	0	0	0	0	0	0	0	0	0	1	0	0	0	0	0	1	0	0	0	0	0	0	0	0	0	0	0	0	0	0	0	0	0	0	0	0	0	0	0	0	0	0	0	0	0	0	0	0	0	0	0	0	0	0	0	1	0	0	0	9	0	1	0	0	0
Thyatira	0	0	0	0	0	0	0	0	0	0	0	0	0	0	0	0	0	0	0	0	0	0	0	0	0	3	0	0	0	0	0	0	0	0	0	0	0	0	1	0	0	0	0	0	0	0	0	0	1	2	0	0	0	0	0	0	0	0	0	0	1	0	0	0	0	0	0	0	0	0	5	2	0	0	0
Troas	0	0	0	0	0	0	0	0	0	0	0	0	0	0	0	0	0	0	0	1	0	0	0	0	0	5	0	0	0	0	0	0	0	0	0	0	0	0	2	0	0	0	0	0	0	0	0	0	0	4	0	0	0	0	0	0	0	0	0	0	4	0	0	0	0	0	0	0	0	1	2	8	0	0	0
Tyre	0	1	0	0	0	0	5	7	0	0	0	0	4	4	0	0	5	4	0	0	0	10	0	1	0	0	2	0	9	8	1	3	4	1	4	0	0	0	0	0	0	0	4	0	0	2	0	0	0	0	0	0	0	2	0	0	1	0	0	0	0	2	0	0	1	46	0	2	2	0	0	0	90	0	0
Ur	0	0	0	0	0	0	0	0	0	0	0	0	0	0	0	0	0	0	0	0	0	1	0	0	0	0	0	0	0	0	0	0	4	0	0	1	0	0	0	0	0	0	0	0	0	0	0	0	0	0	0	0	0	0	0	0	0	0	0	0	0	0	0	0	0	0	0	0	0	0	0	0	0	5	0
Zoan	0	0	0	0	0	0	0	0	0	0	0	0	0	0	0	0	0	0	0	0	0	0	0	0	0	0	0	0	0	0	0	0	0	0	1	0	0	0	0	0	0	0	0	0	0	0	0	0	0	0	0	0	0	0	4	0	0	0	0	1	0	0	0	0	2	0	0	0	0	0	0	0	0	0	9